proc->stdout:
4f 53 2f 32 20 43 6f 6d 6d 61 6e 64 20 49 6e 74 65 72 70 72 65 74 65 72 20 76 65 72 73 69 6f 6e 20 34 0a 20 0a 0a 5b 45 3a 5c 77 6f 72 6b 5c 78 66 38 36 73 75 70 5c 65 78 61 6d 70 6c 65 5c 67 63 63 5d 
stdin->proc:
64 69 72 0a 
proc->stdout:
64 69 72 0a 0a 54 68 65 20 76 6f 6c 75 6d 65 20 6c 61 62 65 6c 20 69 6e 20 64 72 69 76 65 20 45 20 69 73 20 48 50 46 53 44 49 53 4b 45 2e 0a 54 68 65 20 56 6f 6c 75 6d 65 20 53 65 72 69 61 6c 20 4e 75 6d 62 65 72 20 69 73 20 36 37 31 44 3a 35 34 31 35 2e 0a 44 69 72 65 63 74 6f 72 79 20 6f 66 20 45 3a 5c 77 6f 72 6b 5c 78 66 38 36 73 75 70 5c 65 78 61 6d 70 6c 65 5c 67 63 63 0a 0a 20 39 2e 30 39 2e 39 37 20 20 31 36 2e 32 36 20 20 20 20 20 20 3c 44 49 52 3e 20 20 20 20 20 20 20 20 20 20 20 30 20 20 2e 0a 20 39 2e 30 39 2e 39 37 20 20 31 36 2e 32 36 20 20 20 20 20 20 3c 44 49 52 3e 20 20 20 20 20 20 20 20 20 20 20 30 20 20 2e 2e 0a 20 39 2e 30 39 2e 39 37 20 20 31 36 2e 35 37 20 20 20 20 20 20 20 31 30 38 37 20 20 20 20 20 20 20 20 20 20 20 30 20 20 6d 61 6b 65 66 69 6c 65 0a 20 39 2e 30 39 2e 39 37 20 20 31 36 2e 35 37 20 20 20 20 20 20 20 35 36 34 35 20 20 20 20 20 20 20 20 20 20 20 30 20 20 70 74 79 65 78 61 6d 2e 63 0a 20 39 2e 30 39 2e 39 37 20 20 31 36 2e 35 37 20 20 20 20 20 20 34 35 33 36 34 20 20 20 20 20 20 20 20 20 20 20 30 20 20 70 74 79 65 78 61 6d 2e 65 78 65 0a 20 39 2e 30 39 2e 39 37 20 20 31 36 2e 35 37 20 20 20 20 20 20 20 33 33 32 36 20 20 20 20 20 20 20 20 20 20 20 30 20 20 70 74 79 65 78 61 6d 2e 6f 0a 20 39 2e 30 39 2e 39 37 20 20 31 36 2e 35 37 20 20 20 20 20 20 20 35 35 38 39 20 20 20 20 20 20 20 20 20 20 20 30 20 20 70 74 79 65 78 61 6d 31 2e 63 0a 20 39 2e 30 39 2e 39 37 20 20 31 36 2e 35 37 20 20 20 20 20 20 20 20 37 35 37 20 20 20 20 20 20 20 20 
proc->stdout:
20 20 20 30 20 20 70 74 79 5f 75 74 69 6c 2e 63 0a 20 39 2e 30 39 2e 39 37 20 20 31 36 2e 35 37 20 20 20 20 20 20 20 20 32 38 32 20 20 20 20 20 20 20 20 20 20 20 30 20 20 70 74 79 5f 75 74 69 6c 2e 68 0a 20 39 2e 30 39 2e 39 37 20 20 31 36 2e 35 37 20 20 20 20 20 20 20 20 33 30 35 20 20 20 20 20 20 20 20 20 20 20 30 20 20 70 74 79 5f 75 74 69 6c 2e 6f 0a 31 32 2e 30 31 2e 39 38 20 20 32 32 2e 31 33 20 20 20 20 20 20 20 20 20 20 30 20 20 20 20 20 20 20 20 20 20 20 30 20 20 78 78 78 0a 20 20 20 20 20 20 20 31 31 20 66 69 6c 65 28 73 29 20 20 20 20 20 20 36 32 33 35 35 20 62 79 74 65 73 20 75 73 65 64 0a 20 20 20 20 20 20 20 20 20 20 20 20 20 20 20 20 20 20 20 20 32 37 37 33 31 39 36 38 20 62 79 74 65 73 20 66 72 65 65 0a 0a 5b 45 3a 5c 77 6f 72 6b 5c 78 66 38 36 73 75 70 5c 65 78 61 6d 70 6c 65 5c 67 63 63 5d 
stdin->proc:
6c 73 0a 
proc->stdout:
6c 73 0a 6d 61 6b 65 66 69 6c 65 20 20 20 20 20 70 74 79 5f 75 74 69 6c 2e 68 20 20 20 70 74 79 65 78 61 6d 2e 63 20 20 20 20 70 74 79 65 78 61 6d 2e 6f 20 20 20 20 78 78 78 0a 70 74 79 5f 75 74 69 6c 2e 63 20 20 20 70 74 79 5f 75 74 69 6c 2e 6f 20 20 20 70 74 79 65 78 61 6d 2e 65 78 65 20 20 70 74 79 65 78 61 6d 31 2e 63 0a 
proc->stdout:
0a 
proc->stdout:
5b 45 3a 5c 77 6f 72 6b 5c 78 66 38 36 73 75 70 5c 65 78 61 6d 70 6c 65 5c 67 63 63 5d 
stdin->proc:
65 78 69 74 0a 
proc->stdout:
65 78 69 74 0a 
